PONI-Nkx-v3   0.000100   0.000010   0.990   0.0e+00   58915
PONI-Nkx-v3   0.000100   0.000010   0.990   0.0e+00   55052
PONI-Nkx-v3   0.000100   0.000010   0.990   0.0e+00   21178
PONI-Nkx-v3   0.000100   0.000010   0.990   0.0e+00   37855
PONI-Nkx-v3   0.000100   0.000010   0.990   0.0e+00   17750
PONI-Nkx-v3   0.000100   0.000010   0.990   1.0e-04   58915
PONI-Nkx-v3   0.000100   0.000010   0.990   1.0e-04   55052
PONI-Nkx-v3   0.000100   0.000010   0.990   1.0e-04   21178
PONI-Nkx-v3   0.000100   0.000010   0.990   1.0e-04   37855
PONI-Nkx-v3   0.000100   0.000010   0.990   1.0e-04   17750
PONI-Oli-v3   0.000100   0.000010   0.990   0.0e+00   58915
PONI-Oli-v3   0.000100   0.000010   0.990   0.0e+00   55052
PONI-Oli-v3   0.000100   0.000010   0.990   0.0e+00   21178
PONI-Oli-v3   0.000100   0.000010   0.990   0.0e+00   37855
PONI-Oli-v3   0.000100   0.000010   0.990   0.0e+00   17750
PONI-Oli-v3   0.000100   0.000010   0.990   1.0e-04   58915
PONI-Oli-v3   0.000100   0.000010   0.990   1.0e-04   55052
PONI-Oli-v3   0.000100   0.000010   0.990   1.0e-04   21178
PONI-Oli-v3   0.000100   0.000010   0.990   1.0e-04   37855
PONI-Oli-v3   0.000100   0.000010   0.990   1.0e-04   17750
